$ANSIBLE_VAULT;1.1;AES256
61383435363363333833316137313531373436363632373561643131666235316334356238343237
6431663762363465653961646361633732393037623765620a663364323064616133666336313331
30353133613265643331326262323730613437353739326436623131326533663532653366663938
6532376466636261370a313537653164373434383434663530663062353231626138633037343730
63356262613030343838303861663430326265323236316463656435393433306330326231656337
62303536623663393165646539383035613731366461326638306438393434376262643462663363
64366164396462393864336434656266316434636331643961633263376563643930336661323262
64643237333438656334343838303939376663333363613662366630626431653866333930316333
37366461336639663865393363626466643139303861623832303739363066623830663265613130
65396331326236653264636134626438356332353165633166383165346262393961326464363866
38343261656631373562616537613365626134393033633965373738366462366165393964656431
63383561356633313834616465393564383838623063376632653231643065623435323538633333
30376331613939316336303433333065373232393766323163333033323935366462393366626139
34303832323339336431636537313632613339643665626265393834363234643734313938393263
32353531353366393231623633353637613536623239313136663366653036626433373164316137
63343431653231613964643230336630643333646638393566313637626539313137626433656431
64623239343034393563323434336639323763346561303332383763376133353839353862316664
64356539393130396237336132323362336332336264396632663234653538653735643538373165
33323233346632623161636634633133626635636564393337633563653262386539663666623033
66396562613932653662336333306530393166356663346538383639396530386362656233383562
36643732393431396666316637353031323165306264343038363436363735373966343735393130
37316536326666303037663365396564346431663436383966313333376633663262376263303033
36313934633663373831366534323834363131343865393737383135343836306138316466633035
30363562383732333365393938653963356131383361626636333065393932646435323939303366
36343164356638326165626235666431663233396462636265376264613038663031313137396665
31363232613566366261336630623332386330373431633062653833326330313134383161363238
30326532326362616636323339363130323434623761383938653261386432343634333131303464
37663330326636316334356339643930333132356632396333303837656131353133363335333236
63366164323637363034323031386662613165633831613762663965366535323834356139346133
39636332623036336164636461633761383232616166363861396535383131313662313861373964
33646565316462333162316135333432636331346365636464616165633538616533396634343934
62386339663132323933393765643930653734336363373034336131316633613637653365356566
30613966316562623538373365613464633264356132343136346532363961383738333733373030
32383334393634353462626331663732363865636432333164333063343239393233303662306465
34323930313161643462623834313232343565366163663664356435323566666331353564346132
35633134333633653737643035356630363231303330313230383137353634356134613837656162
33366565326531646335383165363237306430616161303263376338393130343635613835333933
38636364383565626237333435306132343161323630326437306661393366623736343730376562
62303438373833313530353839643164656332626530623332363530383732356662613137396532
32396262316632316631363633386564383365333362393266356265363961323239396261323164
63363363623630353634376163623863656233303062653331326263303033323462626234323764
65653261373836316664613761303036373662316530653031306233346230356130666263623866
63303139613032323363623536363063363366633630336234363739336434643031396438363539
30346339666366636535333033363238663165363337663466653230356236663531393863393534
64626363623963643166663735646165643031303137663936336531663233303634376232643335
34346166643435656132663336663538316233393830343037303137653964373732633665343137
35306230396134333432333239353833386436643937326561363336656137383237616336623665
36396337623033636165313237316237633964373566643131636639643138343834333735343966
66343332313732353339633564383663626266636463303633623933383234333133306333346366
32393366326162616136613963623265393362613434396131333366383837663533323439373631
66316435306538383334636162653431353838663363386130333235363831393434633433333532
32666663323965613734336435653532663236616239323264666338636261643932613430646435
39353461623565306466636530363332666231633661326366613030343564386563316164393732
39336239336131313332396135636132376133633135323033643831623262643761313431643864
34656363653664346162643332616332636533353134313633623639383330633530363730376163
30666538353163363164316136303136666235373663653831663737386138393565353739323238
64393138626430386563656431646532326237616536376139363736356261656433343436316665
31636163636333393261363034303932303537656234643861653034373564373935366134653330
66316165336638323130326332646136326238646161393233366532333831356137616364646366
62613363636435316462353039356533663563396265633866353562653035336366396134376364
63306638343064616230343661363039613731613862356630353332653332313861613931336262
37393739626535336634316331316633663733316364333937666237383965313665613334616630
37643661323539366239316438646465633635383463386538316362616430303166313433396530
65646636333463646238313535343730343062323332626233343339323239663030303831393436
39373537623964333434666431396665396533343935313734666530643663323639336636383334
35313638363166313566623338343838666136663666323531363463323561316234633932643937
66363361336338393833383733643034376539613862663331366664613763636130393936663266
65333963623863396135386139663035393131336331376331666164656433653530346164393836
38386664326136633238666263343066306138333662396563353233366161333062663331373635
65396237303837616533323136313365376234386639316335653631643064633732386462303961
63313637346334393363376265363837353463373638373630333432323362363365336565393465
36633430646637653632363361323862383236346362313063313636316538316361346161386266
36326662333866666161356236353332356636323361373336336565313136393065626439633337
66646536383839663261363562623635363238396165393839366532356465646363633266616566
39656531383661363538613738316332363363373032383465313461646261336537633362333466
62306464343338316361366234333664636266333235383764623561383031333761393765626231
32383663386461303865343231356230323033363563626135663361326665333933633863373433
64386138643763363861356531363662653638636439343339653565633036626465376164313164
61356638623330623630333933633435643265636562363933353936613062393833353339346633
61303339656330613636636662316133663662613466393632633062643132633133636436623462
31353366616539646338306632666462646362393561396535623633386664373666313934396465
33643465353166313266623863336638646535663066636565633961643938363030303461363763
66376235383365303032363166623538636365626132363163356537363436643965643634613437
37343037646432633230303131303731313864303766666665623964643661346633663830366538
63353132626634663236313333316562333536613964336630626265386133613134333637336135
65626638613262363033396438356361636539663636353939353035666537373531336139303638
31613738363338653062386462663231363963366230376333313965363032376538646435366264
39666263623338613666653837373366323731303632333963306135666362303332386533663863
35373361376535306533616465383566626435333336396335326464353937623934313366353034
66353633383539363837343065313838373436306438656663376437356665326233653464643934
30393137303538343761366164633836393935323265633530326266346566383539336337636535
62666637343065613333303161393536323566313235323539376435653336633063653330656463
36626465626464346432653333616264386430336534343461666234303162656139393263303537
36326630333364303162623031653237623330366234613430623730653265383261313762323031
66376661623636306362396661643637393137663939653131363833386232623063323064366136
66613937323834386635613236323536366165393063633235626630386336623566396634666239
37376238306663306563336464653566396539353432663561373031663838376430303364623666
64373730373337623631323136396162306432383166333963386663356434316365613366663564
34393634336231343033306161613631306431353834353732663236383630343937393563333665
64663833316364333164626434613365666635343163623139396232353262313561333435383765
62393931316131343634626233613231373362316666303965303762373339656138393066326366
61346535353366643132663533613731323831333935346166663037356162336561373938626133
34343836346161393235353838663163313862653866386536316337613636656135336233613964
34623935366565343934666431366161646563353565333362336137373338393336616565663530
66353966386238343166613665383665383666383233373937336465313766643533363936396533
34653338363062646538396463373130343866646532623731356364663638333466663564353933
38353564353634356238353731626661346263376332333963313035356633343832313835653566
31343062316362303635656261613831316562656663316339333634613037666237323862623532
36616163646339623563326230323464346332613531663761373930336563653661376533633133
61316435333435663033633835626564366631646563363133353766383032386338356432376137
65316433613134366638373264633263363664663133323861383336646262653539303266396539
35373466626434323035663034656536653538383936366233393665353161363838356231363932
36336533366231633732303830383061653963646635663936663031383961346235356232373133
35326537353631303836336631646563356331376362643233313461303264333839363435333562
35616236643636366561316664633765336661613062643335323963396163363565336432653563
32643963333938306233313839623666636435653962373566383662363061376133666361396431
35313737383264626431643939333565383734326133396234376131643834366530353163363961
35663563336230396234643636613433656232636662363430633533613162626132613637363530
63323431626663303164303238313533643039633733643132316137356365393136343338663639
36613236363831616132643238353462363233653833303035636631366537333732666235633739
62613466616362383166613033306465616337393135643565623932613166623636613636393466
32626230383032333338633963333334636562663033316262366439613738313663633037333939
31666164616565386139366137386639323438633863636166383031636364316633663337623232
37353037336138303232396539363363313535393566373537343730313066623632656539393237
37613263653630663634366230393664353762626163326633623032313439373130373065316262
39646661373130326331616562626132323632316131633866303939656431333030626432356566
38313261316233346135386661363765646666333234326234343635356533396561643761323665
34643130663632396635623466383534623264653633313633393136643064386262616261373635
34393365666663326632393161343263636530643030386361306361653138623939653639303563
63363237313532356262363235383131663533373730643966613762313765373765313135313535
31363962396665646637646538363363633565396364623666616337363034373030646132323239
65373139346563336535643665363366366632326137616261346539663137353866633161326131
30633466363436386238393861666462646232373162383531633239616237626539363439303761
63663434626130623839653032633139376162373538313933326665363734636165373131333633
35636331613532613839336537643561303130366366376562323838623933306632326537363764
30333862376666333964373035616534646436613665373438326530326531343031346464316435
61613236386566666162366566333961646537343732303965383631666261383336
