$ANSIBLE_VAULT;1.1;AES256
31633833323834613131616562376330363331323961313461333335326435613666306231396232
3038326233336635376566623139333039663532613163330a653335343536396361346437643436
33353635653639616361663864376539633666656237636335313136303861613761323337616363
6637646264396638310a373937626361386535333362333834353637623933623830653265356431
32613333643930663334666161343462383033343535626461373834383839663064353064393035
32613939643930613535303633633932323439376236363132616162343461386366666135393036
39666566373536303931653733306130623438386433333466323833376433353736636137333532
35393162646439313131646433336361363433306333373663323831366435323932353836376537
36343163633562323766633362356163333664376430363136633437646636393034393839343462
39326661386136373562363134336465336365353533306530613731313431633765383966313564
61383635363463363436373430346164313335353666306335663234353830623465656166656662
61623566376338356561363333363866626637316131613632366636626136353764336535353839
64343639366135393332386566386232376436653238666136653563643565336233656637643032
62323966623534363466333935656161313461613564643763383535396365306362663061306538
66636264643139323066303736663862336435643537626362623863333262373332363538383361
39353733643634353061343133366661336534333431353163633938343532376337383362613535
30393763353534373065643134396264343331356461623037376234616661346538656265306332
34616333666365656238303432343434613435383764346465636135333233353137626261613263
38353037333065613132616532396466363463653362356335613733346264643562303237623535
39666366363464306438383834323861633839393534623739376334323535333230333436333461
34333336613664666134356236343534623934633265646161316332343436633136353533383835
61363366396134343766636433383534316638393735316463353538333365303862396438313635
37613636643837653430353036323437373837326365346235303431356563353862633330303365
33303763383332626136323561353535613666346631633335326330373266333238366335313637
30393966366165346334333033353361633730323762376131336263373137333632666266383666
37323535363438323462323361306630393836336435396265303438353036333535303439336534
37653233666161306565356261366466643236303761656332336131626630643730383838653539
66363734333163626663373833643161353339303034336433366237646136303663626132393361
33643839316664646535393737643963636466356462376530306637376365303836386266636564
32336361393736383534653137323137333938343662343565626334313864613739643239636266
37316632666637623264656330356665396138653063666437623363383437346563383037653731
65336433356635636435343937396438336661633339346465353034616232306262626431666635
66643133356438376637633233643463313364393936613363643765363065653032373061333864
31343732346433323665343435633933363031656436666232333863333334333361373663386532
65373261623730643266633365656161653966303237343962643534316432656339656464353630
62633037613337386337653636396531386234363136303837663961316238653337323266356463
33323939353362666132636133663465373866623137626162316565343163303838663033663938
33383262373138303632343234333961386563663833363133663731643864626366383838363062
64393034666235333534613838623966373939393962633433636639336533353433306366653038
31383966366133393539653361333731343537366530366437633739366137363565396465633435
39396232653562396161393133373836336337643532376234616237393063646462643230663932
31393764343535633735636166306161363966616562393738616130333333366664633035306263
34313938393039313830613265616465663838666661393830386139346331343763656366313134
66333562653734396462306534363135356662323037383039316463386661306462656339323436
32356161323738323765383434343462653037313862623231396265333830653633613463306263
35623434666431323535313634646238353166383031616333623639366536636263393864333139
34376365333165333439663466363038663633343035323962393930306538633136333966303064
65326637653836653765666336646133333632613561633132313634616139643638336235373065
38303031386337333736383733333333326164393765356466633038306462336162343938653136
61333433396664346533333366373734653364353432373537373436626466383630626264383636
61613536346361653638613338306430653030323539353934346331343231623439313662656535
63366533373266653762396464633635383539656537386233343830343930363035666332653964
66363862303934653239663366613939323362656235383965633464333262666264623365386361
34613266333637393364313639616462626330313938636532366437383765643761663138633463
63633632346464363738333735616562653261393162666331353134356537323632326631386464
36383061393566333235343365666163656262323730323639316439616532323766306232346334
31643266376165373734663336373931646665626365333064333165346333336561313832393532
62376433353034363437636361323264306265386363326635333863353862323131656634366433
35373766356231343266326262653835363634353762316138343061363461326236333264636537
32323265303732333336346133303537633464353263383334316332626363346564343731323363
37306639666239383362613433643661613664393662633235366432313365306463303236363361
64623139623132366462623938346534393431623463373561326465633831656565316533643935
61336534633131323562356665346536333832393038313266663233303238643638336461343939
65393939313733666166623763333365323934313162383039633665313333613335383066663666
66386538643437386336313063353765333530623531613237363637623135663134613535613563
32356536653237646665653832663735373762383432323238366261343566346138613835636539
63383931363830366665396233316533386431396363663033646638646365383532653263656137
33346638363830646164316664313634313339323235393239393635636561393735633937373934
66633036303536313135356535623266616637373938626661653737623631326562316364333735
63626533323866663233343366376430623534626564623065356263353332646331303138353139
33306165376530326364666238373963643334363233616537306231383339383630613262363835
37326466386130303838356463643739636137636632646535363663356332336339663163323035
64376539306162366231386339636335333237333465306563323935653632663566336436363937
65653865336337656664343338376264343761373665353139336239636638626534393831363161
39393163326666333035646161316465303261663264653234653566666432356334333738643430
35353036336263626237653639663931623536333633326335316532333164343961653136303636
66373962663563386530623334663534363864323336386539323534623065393932613232626261
35653463336564316333393638306138353432383865623235616637303431373933393439333535
35326532303937303661366465313538643931666535663831326137303035353431383034333961
38333837626366643831303365323564323832643662393336613731356138333465623337336631
39316433636661366133323261633864353061323365343366333636306365623865653765623862
37363538353737313361376663653936316663346635326662313365303631366136386430386131
63623162613835653361323932386162336236353866643639623066303037363763366131666238
34613130303934376362633833623761343938373061636634626231396362363533353962366634
32373337396133636166333765616635343537386136313831663866343366353262366638396137
35373635326538353236336238363333396338313165643037343562623231313461336631363762
30333464313132363334386462383338656538386462626235336536373431376134323639306538
62363033353561373733666239626464356130616362386434623633333137616433366335326634
39363830623134393339333061623839306133396239613832643966386166306437383666623632
61346538333164633636323135613139653932623861396539386562393233366131623862363032
39343766373761386339383436363135616266396231383861626362386131373939323135326439
63363737323464373562646466323565336239346465623331343330613330653635353230623430
39666563316432313530393139366430626664396366323362623234666664373536623661313030
36363836653561623639323737313262613666626134623262366630613466653432323838663363
31616361336134656661313438633963353237366265376338653631343531333562323766653431
37366332396232383363303263653631313262323438653465306539623761303131383235613264
33306664376563313263383538363261643737366138333266383334633838353563646433666563
65396333343362356564666265646232653561366437363238626132353236396635656266393736
38343039613630653461636561656532326462636232613366323463323361373530343332333438
65633961373639383131346365363066393630323238643639383835613233353437393064316435
64306562333766333138356333396161633565373431363762303761316431616237643066306133
65333534633431393366623763363736313332616337623231616666623662373831633839623130
35313437333436646162323336646136386561346133353035666138633161646261393666303735
63636162313430343431613036313965383032336263306266636533366330666530323433396132
33656438633533343863343535353931393032616662636239376139623061333832653666393966
32396334393631383634633433626630386465336434356566646161373965643434356364383266
37326261393937623931323234383164353536363834383338366234373661343665326564636639
37633831353966646538333834383231656266653933333261396433666537356563633237616339
31623235393931376465376139303766363465313265366236636534316262623339323861663035
33303431316231343161353332326639336332653662663165383264356139616136653631353332
63323531636236663838623164303230333733633165663635333031653434643564623364393566
34383835393033613230646265326239373634373135386633366331333738343865626233343862
61383061386637623338393839383262316237306631326232643937313362356233633837636339
63326431343530663365326635626135386631633931343461356464653466303832356364636230
32666364306533336234333461356334353664623738363932623261616263656530636137306435
36323162376466393836643862373738656632363562633434333564323530393638663232626666
38386336346461346366666137333262313231376539633631306562626563613430376565343137
62383764633331376637656263656439643735353530333136656132666538376463396231663236
38623039626465356233383365303464653431336466623936323236306230613132633638393331
37663737663764636434303834633835366534306333303932616264663937343435663434663365
34626335343635613663383835653734373233373935613837373431613662313331376364313562
35333762316133626662663631643861346565326639633334396637363062363265363433393038
39646634346562386339386466336265653766346436386533356437336638346362633161356536
64393863646331313462663833373532306230303433656532376630613737363562383234323531
61613136343865303564646366326365663937353539663432356461623335653736393666663238
37613335313564313833666166623234346362666163366436363937333939323330643232353336
30396436366235303735376563353533633632653935393332386461326161633834383636616330
36633436633237633233623565623131326263333465636539323933663062333934306463633162
36643231616663373464336437303839633239636464363063346264313530376235383366616336
36663038643137613434353261616665353762623934366539653964373837656365376564306134
34376537346461626634666231313435633064646464363236373239646565363963396661626131
39383433613663656233323935336664366135653438366131643032323132663464316266386532
37333365363364633932656533393565656636376236383062663530343863353538643833663237
34633730383262306564346263316466383038616638386334623164303465363731656366313738
32613136393564623031353435323130373135373239623163353034653135323666666635653334
61663730623139633834383132666230373038663361656433326238663532393865653163626264
61626336393763633637653061313438323738396631306363363136376661376630623061373939
38323263656239623834396361663535316139643661663033303164653361616165306663373137
37306439393363336638646334653866363863336463393536653434653766333632383064306632
36356364316434336531636437346430396136326139613664316331333062663939653932386336
30613139373562303931643961313931306361316533616232323236366239623236623166396365
61373132393936313363626233303162306430653837346232633439356364643535643638313762
62313230623963646436663432643263306265393961643337613034383766643232653961383763
39313935353938373336313933383531636134363231363661623636633261363932303434326336
64376464636137663964386365383934336262323934313662393461636335616162636565646164
31313764633031636366326338353238316231616233323834396361626533323636656333383366
33336662643464636534386333663962343764376230656165386237336264333436626135346366
30313538363331653864636638623165613439623561353332353135633636393061343431386366
31613636333633653537613564343435343838323166616438306635353132333736343463323038
34363735633634643538303830636336326132616333383965613462376563356665633861633163
33623435346262636262656237343034633934626164343831636238373238383661633135366363
63363161363361316333373364613333663564316332303665653934333235373333353031366334
66363330653864616564646336313235343564626363653262316562613634373638393230353339
61663131623035626132613238383435343030323562373234353236646363626661303636616536
39393962306234383238323337633966343562626435343334623362643865396239356137623939
33383031636138353165633965383963653366643362303462623863346665386535316365333763
37343035316634303133623261373335366339636333336133666166396232336230373336613238
61653334373035383963396339346562656630396232663631333162383936326335396135323263
64376337373939376634356339393539376538363335666639663636646263663061316435363430
65666265663439386564306165313031393030623839653265333433636163343136336634386566
63366662643430323333376636346435343066363862383838313463323262356638636638623332
38366564643464363730656362313732383330396635363236343134616637373466393965326331
63393838373135306562333130646464643133396336643366646535646234623030353632353932
35393664313730646534313035623937323632646236363164326434616161316334313666333633
66326635626339316333353034386661326434666634643332623535376633613261363661623831
34646263663932363637373139383535343365643638353731386531366666306262326332383664
63316335393964333233656266343130373730646165626364666331353764666566333435623233
63303134316662376433633439643833386134636439356134333033303734356533623830636335
37666166323464623761326333333336396464646266396535663361383935383231336565316563
30643631353732383035333437633061386633626331303565623262353234316338346264353561
64333035633636666236373135386265666561636466616138373534316266333866663631363863
66623638616264656262393762386161323936383839643639373763313166306632386332393765
65313366373930623938353961653366393836353337613932393535613631613539656237316435
62613137383333393036353164343635323230373361346661326534623434386638643737613532
31393634363331326536306335323239356537393161373535396331386336356238383839666236
32343763306333313132383439373461396565346139646638633936666665316238393161303633
39653637373064323332623132623433363663333065383562653666363362306264646562396663
34333035656633626339663062633938623062373933626237613039373330653437383164613465
30313934326563383330613263313230323664626566353262313262613134663864323130353538
32333337326365373066376635616163643866643565316139323237373832316565626631396434
64353166633939633466623166333639313635653066613937343039346133636262313733663933
30376433346532313735663531306232613831353566353034656365326332663939303164666366
65373864623565346637613037373666363135366565646438326631333163666138646261633535
62346164626432636566353161346232633564306634666533623233646632643333366437636435
61333265336137613739616532633565353037363437326262616262323530393866636232313166
61636236383437643661386562383935323930346330323461313964343266663332353062383737
63333835646539323837656634666663313763663538643539643963613137313737333131353861
62373063616561343061363037616165623465663430346538376638303034613534383630363264
61396532346365373863636132376463353830396331366436666663383063653137333339636562
39366662653933333131333163663865366537306538333637303164336136633739633666353364
37303034303132393237633463363532306236363631366165303539366430336635333632336236
31663362636332306333653033373830303966376632626137633731353837373531373738613664
34386235663036666433346664323566613633633862306234663637316137663933613639653063
38623863363632353165396236616136383766373366383235656462326534373561313964333330
63366237323638626632313935633533653865623737396235313737336133373862663763396665
62396330643838653365643234376235653332386431636234336632386234643635376430356538
32316464656630633061346135643330333635666634343039346265353761633030626564383731
66633062316361626263303631653034363534346136303330363031636165313736306139353336
66363734356364396363373834363232353835393466353138646239656531663766363461383863
35373264343335313033393032613232303538363735303238303736396432616165316334626632
66616565383636303662333562336638323064343135613762376666646631363739376434643839
61346536323131646437346636313365363037663731363234366633623731326337643531326463
64623733333138336138616335643731383135376132353630613731383935363131633535626336
34313731393937393130626466313835386266346135633232613261333262663238623839663261
61306537626530666365326662353764656665376564653737386261316233396665343236396435
61613162363638653032316237653430376465663135396130333730356466613137353230646536
31613236393430333631333031303862326132346335336138613665316631326362313833356264
63636333343363353239393037346361376632643430386565653862386265393732376238616331
37313635316664363732316535346234306566636439343065376130333436666630366136643137
62383333646463313033646462623531663634616435313234326661303336633565653361653466
39303938616264396133333465363331646433613332633639633434376264663338323966366465
63366237336362366563613237376230326230653162343633633131626463303465303964343438
35616436613134633630663430373437336266656561393537633238313337313466393263313861
36623238376666636666343166396533616565386538313566636264383231386663633461316134
31353338366234663631393230663434373265376437353862376431653732386563656135626534
66636638366665323964646136353437626662646361316264333939306532353137343665383330
64316163306438666332393230313333353034646630626434336631386337623763626164383563
64313837616139376235363163633532386432333664643764333430356635316336363266363932
65326366366132633961333662363633316133373035373466663436643361393065666630373265
61646539393638613430636361323335393530626562303061666439326463376338376637663636
39623361323638353335613732306132626132323066656633323239643665383138666364616338
31626232393039316231653361386466333139646164663836636137306466653561626632363062
30666336303631323133663834303637663763343236636232373638386534323835626434393263
66393962383266393330346661376638623137326639336333393036653765366665306664376132
36623538656636646639626263616430393037613961336135633132363264336561386335333033
3036393461343434616433396661353336303035353863386139
